-17
159
245
517
968
-184
642
-414
389
-135
-792
-837
-689
-399
-980
672
705
-394
-34
-665
-234
669
-738
558
-634
422
280
829
-467
549
928
-789
294
-450
-311
-219
114
-984
-753
-601
-75
-960
-445
-241
-954
387
-523
473
-712
-785
-462
473
-281
-414
780
-184
277
-793
-312
45
746
-949
507
296
-317
-961
-412
949
518
-989
266
-454
-842
-155
723
-467
71
637
614
182
837
-560
-454
843
-878
-936
673
307
-152
152
456
-634
489
-805
-122
-455
210
770
991
-906
332
502
855
291
373
40
-533
-874
-205
376
-129
-771
-40
-455
-80
-245
-276
321
597
-322
164
-293
590
235
14
388
456
655
67
-42
-511
-687
-580
464
740
-955
-368
-964
-627
-755
462
-82
-419
103
-977
798
329
-605
371
687
-560
718
598
-953
-572
-712
-124
-527
264
-267
590
-34
232
-196
-539
555
-570
976
855
-174
-353
-929
-486
-759
123
-200
-111
-444
418
339
-232
956
-596
-667
238
-489
-314
-451
765
204
-584
619
105
-524
284
446
-458
718
-465
-990
77
-555
-80
314
811
-941
-808
481
-962
-661
37
317
-16
-508
-694
274
-685
536
-918
823
981
-658
-870
305
845
-728
-240
-6
-845
-700
-549
594
317
-652
898
-578
36
-454
-662
-874
-643
-993
616
854
280
878
-230
-283
414
296
-469
286
-685
-226
727
865
283
-323
-621
-64
406
-327
-924
388
546
-995
-871
134
620
55
757
-253
753
300
-94
689
140
-608
979
555
-459
-318
-111
-557
170
-961
112
-598
209
-594
-692
-582
608
351
308
91
794
-172
-380
427
377
507
524
135
-655
420
842
64
-23
-793
-241
-457
-301
237
253
684
824
-270
985
-139
869
-892
496
198
-291
-131
159
313
837
776
600
-886
879
-423
-7
-938
561
-87
95
77
169
959
570
-778
90
-283
434
-952
-715
487
189
-765
798
-298
962
60
920
729
336
-314
-710
40
872
-816
665
917
-187
922
-610
-75
512
74
-350
-236
44
346
-983
466
53
314
934
-481
-261
-768
-618
991
-906
-272
646
-977
-795
-89
620
-640
532
-678
31
-794
-538
-341
-10
839
-24
-868
394
410
403
-374
310
-247
-401
882
573
-143
41
-543
949
-580
296
-683
617
189
986
820
880
176
-798
-650
-906
-436
42
563
-510
19
-943
-743
-339
-718
-222
715
-851
116
628
193
158
205
-54
-510
-757
38
175
934
496
272
187
796
17
506
300
146
-827
-581
-576
-631
769
-914
-754
-197
-190
-598
-528
-49
986
490
311
671
56
117
-775
57
-340
723
-585
-76
685
-970
-72
-617
192
458
-840
263
-136
227
-456
407
-328
-339
-720
-945
-402
-968
79
764
143
278
552
-631
-836
-485
24
-552
57
613
-465
719
404
-583
302
-767
-716
857
631
-448
714
974
-921
265
-210
491
-681
-91
229
-20
-365
82
690
665
718
-624
286
-770
-138
140
527
-720
9
219
-825
-843
533
308
253
-665
-969
500
-823
-608
-167
687
-555
-938
-645
536
-866
-911
-588
447
255
-443
490
447
372
-960
-799
365
-810
548
-169
29
-113
-745
-766
271
-290
-826
-371
-953
-963
562
-143
856
-883
-466
505
415
-196
-184
-182
-729
102
-469
498
463
965
639
-989
-746
-880
701
445
-619
-413
27
-372
-644
-796
950
-363
-83
540
-292
871
-542
508
286
-841
-94
773
319
290
490
-280
71
370
857
557
-891
806
-256
-677
599
428
546
913
-519
-575
-174
500
-382
467
687
971
925
-136
-665
-60
-819
-549
-3
238
-51
-950
262
-738
981
-264
-747
421
574
-413
-794
883
-126
1
-633
-628
313
344
548
-958
-828
-961
-407
964
-405
-211
153
485
-748
301
244
130
116
-916
34
-597
-711
833
578
531
506
696
-179
-94
718
-488
-399
-556
859
-270
235
-824
-511
-721
102
-446
273
710
49
-462
-736
-341
510
-141
-925
122
-740
611
330
-328
172
493
97
-120
504
730
467
-926
-308
713
58
-943
116
-952
-464
-474
-807
-720
-582
-917
470
665
-706
853
710
976
871
323
367
-445
-909
-239
-230
-440
-659
134
164
5
252
969
396
-902
-890
-901
-41
848
638
-990
305
526
886
-487
-798
749
794
-434
725
339
-228
-985
952
-846
-45
-727
90
-947
205
-967
226
-947
-54
-397
849
43
-388
-804
195
797
436
845
677
169
-890
-889
660
-613
336
789
-798
-510
352
862
169
789
273
223
734
955
-638
335
-590
-665
862
-570
-170
-121
-722
-442
822
-468
-845
966
752
66
-337
274
-503
116
-586
-493
839
-826
-645
710
246
-720
-862
-283
156
-790
263
-645
170
-166
-792
134
956
-552
970
-872
-473
-327
-294
-535
101
133
-753
-516
951
248
-394
-574
-25
118
-143
-257
-84
-215
141
160
368
61
73
-887
852
366
-61
863
-441
307
-150
-598
-892
-175
-846
884
-830
-752
249
-7
986
-192
-817
180
-874
-828
-670
-866
-994
-679
92
-248
704
785
520
-9
970
230
-823
258
-266
992
51
-335
95
-702
-820
136
99
-200
-92
-862
-231
-598
618
329
-111
-201
-219
-50
-291
456
-97
-175
102
801
25
948
-324
813
-27
806
-729
-904
-784
-903
840
848
-958
-536
-193
-392
86
-611
-405
597
865
-584
748
952
-633
-557
335
-80
-366
-634
640
-926
302
113
246
-653
-671
-228
-789
-968
-298
-39
-428
761
416
572
30
971
-213
-961
-315
276
319
762
-903
702
-912
-625
444
-553
-684
380
-135
-727
-358
61
602
81
714
-430
-823
505
747
672
437
746
230
-169
485
-332
573
60
512
423
-699
-909
345
215
-362
759
-894
726
-968
287
101
586
522
462
126
674
-894
990
-277
149
981
330
-522
-283
769
104
370
183
-903
489
-356
-144
-658
821
695
-238
465
245
-169
-672
-402
-607
87
462
-395
-708
-737
518
728
-503
616
-952
-246
-184
272
-570
322
-732
827
447
27
623
457
-352
475
756
-875
34
-410
-191
574
43
-7
-397
-171
-345
-204
709
621
519
-409
-680
384
723
-255
989
-148
400
482
244
-520
-538
634
184
-593
888
688
-949
127
-140
850
-518
563
-974
-582
-789
-490
-354
16
-850
-475
-613
593
952
47
-783
814
681
173
8
-104
355
-886
636
474
-357
389
-234
-812
-614
-915
431
992
221
-320
640
-569
-962
113
-424
-940
-432
588
895
331
581
-639
529
-95
-88
-496
593
876
-218
-923
460
445
397
253
-466
-168
-447
749
766
-886
-21
386
346
230
221
195
745
-142
-24
374
791
992
179
106
-914
236
849
243
482
292
804
824
-555
588
-785
446
157
-481
-98
-768
-970
-310
-181
-215
209
694
788
-89
-765
527
976
329
-806
223
845
610
850
-975
-767
147
-740
-527
-262
20
-657
771
283
-671
473
-473
627
403
-784
-574
523
950
-799
486
337
305
-488
-218
77
225
-520
-118
-166
-365
298
-462
236
-813
751
-289
164
117
585
689
-774
-108
-655
336
-377
-249
435
86
-627
263
-752
-816
-198
-896
-113
-321
-463
-609
-486
628
309
-108
568
-155
423
196
-679
415
520
204
-434
-397
-329
-823
858
-268
-856
386
-483
-271
910
-993
906
-49
-577
-56
-22
-562
499
-41
988
812
501
292
143
-216
122
-304
-569
362
176
734
364
430
153
319
-605
-762
649
-134
-63
-816
-671
-434
515
146
-522
-908
687
-434
919
583
846
339
250
937
-524
825
-184
-113
-334
-61
833
652
806
790
-209
829
745
853
586
-428
998
588
827
-897
-490
-177
903
75
-417
141
618
-203
-719
514
208
451
530
-777
-599
-900
-66
-594
-859
830
-841
-791
696
418
449
-349
176
-625
-128
-350
554
776
712
970
-779
-692
-527
829
79
971
586
-759
392
-576
-791
586
-354
-426
-431
-12
-602
508
910
-866
160
894
380
690
85
-347
696
336
272
-251
-693
-427
223
447
485
933
-8
628
-352
-845
-583
-403
130
118
-14
103
-994
-776
8
911
-687
750
70
705
-949
586
239
-508
-882
-654
-916
-170
-269
270
902
6
-303
-946
915
49
-280
-618
317
-580
591
-90
642
-712
578
995
360
426
-667
783
887
-790
-7
-639
492
-653
-95
868
-809
34
606
-501
483
474
-565
-972
-209
-355
537
-667
-941
844
265
-553
209
-431
923
349
-149
-312
757
708
211
-588
343
649
-873
454
-212
799
683
620
454
-995
-279
608
-351
999
663
-399
447
253
427
-794
725
-886
130
-622
-653
115
-697
-389
164
-482
-535
-858
392
240
-508
-260
906
-983
-282
-210
-901
500
71
-635
286
199
-568
-453
38
355
929
558
-139
802
664
-447
171
-247
471
854
-998
448
-853
-543
255
421
-862
-896
173
322
-881
707
608
342
-228
-786
-306
658
817
442
-619
-527
-749
-837
816
117
343
501
-7
-453
-460
537
-938
-644
-45
-669
-733
710
611
921
626
-90
507
958
-773
5
354
-343
669
-886
-902
-90
-1
370
436
384
177
402
236
843
-436
494
-307
-258
-142
-443
-82
481
683
783
336
-666
-998
-238
521
-517
-607
-259
193
-458
779
375
480
-82
-271
-604
125
-744
-531
-59
-51
640
559
165
386
-19
46
-407
-765
535
353
939
329
-933
359
863
-941
-385
904
663
816
-656
-792
507
520
-484
772
381
768
-410
-520
38
432
33
186
-735
-864
-747
649
452
-55
-287
-661
898
355
-995
330
-28
-336
777
-884
-166
242
394
954
392
-794
-195
-686
-94
-485
-21
-739
-578
-312
-659
912
-53
-756
486
-6
108
950
-959
933
14
807
-451
-549
601
-326
-75
127
-638
399
-405
137
-761
602
-127
-355
339
403
696
127
994
821
-189
222
-853
-927
-684
572
-135
577
-584
-965
971
-201
-554
-774
577
-248
-962
962
980
888
-988
386
-806
-734
251
409
-114
-983
-708
-843
230
-402
-597
666
-456
825
-388
847
-418
-879
-836
-71
-335
288
-979
-367
-765
858
-755
-402
601
150
-310
-984
-298
-952
226
-397
-360
362
-820
956
-535
-967
887
28
-17
14
402
770
323
-20
198
-97
97
-766
176
-536
834
-262
-935
-892
534
695
-733
-931
-705
229
-363
567
921
741
-137
-310
-188
-375
881
-107
-952
-303
460
576
551
807
-572
836
278
-207
-471
936
-667
-44
74
924
517
126
-14
382
-612
271
952
-875
747
157
-407
662
748
-405
-992
-529
297
734
-635
539
-46
472
601
193
975
-14
116
-409
273
-109
-536
-296
423
61
-202
-610
741
100
288
388
-106
-904
-555
380
-539
400
230
665
-901
228
-934
-450
-252
574
-609
-502
172
401
-8
363
-432
564
735
-556
-884
586
-349
938
-315
-753
-108
-157
-186
365
455
101
-506
-14
701
464
-618
-150
-5
25
-572
996
-459
448
-902
583
-531
107
-383
-100
-322
-214
112
885
646
-66
-875
213
-86
124
-228
-864
-552
110
-225
-110
606
-656
-253
-101
-834
859
-937
-203
-835
-744
259
237
-737
696
-490
435
-38
-780
-64
-206
383
-182
-315
-950
152
