110
-663
879
746
-559
-537
-248
-355
-48
-713
-397
745
-420
-789
-569
44
-683
-416
542
716
-313
-113
916
394
-884
223
-937
304
325
-991
-967
-969
26
716
419
596
-522
-38
592
-412
-20
560
-481
-569
-234
-422
-292
106
-432
-774
632
-394
-661
276
45
335
-698
-337
638
-167
829
-545
948
563
230
-521
547
-353
-602
-736
618
877
807
-662
-656
-165
68
433
-580
-110
-64
510
201
-690
-804
-706
915
-44
70
812
-717
-907
-907
945
64
-932
19
855
-391
689
43
63
-956
526
-591
-251
-737
-846
-156
195
-701
-744
-108
-121
511
-574
-472
825
257
-41
213
-622
-924
-991
-208
-887
-852
-284
383
-997
-863
636
-819
-415
-352
-466
-140
-101
611
-93
525
-877
700
-674
197
-411
74
-663
-205
24
-733
-389
-362
81
-777
650
-93
827
-1000
793
643
-985
253
-361
212
660
-852
-177
-851
-555
205
-228
449
773
381
-544
756
237
938
660
-431
-207
-411
932
496
443
-529
261
-88
-67
28
-580
495
-840
69
-615
316
852
-84
376
-147
141
471
-147
830
341
-185
-181
-308
-654
501
609
895
-443
-451
375
-871
330
-377
-206
458
608
-496
-404
-235
308
963
851
863
-441
-441
-324
-216
102
646
233
-457
-262
448
-130
926
29
514
-673
961
-172
-366
-975
487
487
-504
-620
-575
469
-949
596
544
996
478
425
-392
845
-569
90
582
-964
-461
-292
309
634
-912
-204
-343
867
331
495
573
-262
816
534
504
-100
-397
638
731
103
763
713
330
-937
188
716
754
-685
-565
-547
-560
-225
859
-208
209
-311
443
115
-770
265
188
942
340
-319
26
-27
-561
-944
-724
-386
133
-637
887
777
-262
571
95
877
961
-650
-234
-71
-261
-339
632
706
885
44
629
-256
985
-695
-656
896
-409
770
134
-341
102
857
948
871
506
-331
-477
524
616
4
-809
-544
-310
-271
21
560
-743
445
-396
695
869
-619
865
-652
-417
720
381
-711
-242
65
606
-81
367
-774
727
776
-679
171
-558
-273
37
281
129
717
974
542
-235
922
40
-503
-455
107
-283
748
-424
-594
317
643
-34
202
-101
566
-214
-115
-80
-753
605
262
347
-244
217
459
539
975
609
-306
713
48
-851
-108
-282
-274
989
683
790
-418
-268
-583
337
-268
-793
805
936
-875
283
407
875
563
-635
437
57
-428
712
-948
-740
525
951
-407
107
211
139
589
-536
596
-838
60
-709
157
491
-862
-889
623
583
12
119
928
-210
338
-415
768
-668
-669
261
527
-657
-114
22
-71
272
-825
944
180
635
578
197
349
605
-764
-978
137
80
992
-453
908
459
131
599
-330
137
433
-655
-677
478
859
-780
-103
152
-994
-528
-62
302
-547
588
804
-844
-587
393
-199
-608
-880
500
-555
-835
-138
849
-886
954
-936
-72
194
-226
-937
189
-700
-27
413
-94
-739
-327
-679
260
937
-509
628
-733
-407
245
-230
331
-811
-846
-700
625
-40
706
-513
-803
-429
-590
217
830
68
-452
-910
447
-426
257
652
289
34
-890
912
620
-293
-12
94
-399
140
39
396
-355
-125
-211
-940
-297
248
-119
-456
-607
997
995
-313
-345
-277
185
-210
801
437
-485
302
7
371
786
417
583
286
-748
-374
-124
49
249
-970
-513
777
-55
477
-520
-568
-324
173
-243
-398
472
-390
-449
-339
-751
-485
-636
609
-121
318
304
-927
720
17
-832
127
-247
-970
-80
-284
195
700
9
-361
256
311
257
561
-32
245
-466
-860
788
413
-609
-207
-368
-690
241
-971
76
-893
-788
762
-556
-573
-159
-76
-745
466
49
-813
-934
-827
950
-489
-98
-316
-855
377
275
-84
-116
418
883
-85
85
-609
-115
-158
-439
-627
-425
-348
-344
596
-310
333
-916
-79
686
-242
375
-812
353
-857
-926
91
-217
-388
45
398
213
-896
-236
-432
-421
969
403
-220
-60
-252
-890
154
-404
921
-128
-277
445
452
-920
-634
-149
994
997
-641
-6
69
280
-236
-334
333
-921
830
235
468
-410
564
554
162
879
-13
-615
-444
-609
-67
441
830
-896
-723
-139
135
963
459
937
664
-874
257
767
-184
422
682
-522
19
204
-266
-472
426
-66
699
-651
348
617
636
858
387
-777
84
-905
-836
-784
782
-986
546
-668
442
-123
185
-727
757
-636
-586
799
78
402
-609
687
-395
322
-355
867
678
575
61
-57
-962
356
-367
22
-653
648
-208
-377
473
-198
-704
-450
-772
-257
500
-516
-286
969
549
-310
131
775
938
-526
811
-442
-619
530
-12
-353
-840
742
-425
249
-639
-615
-664
447
644
-841
-356
-947
-395
371
-118
-428
-821
-841
-815
6
729
-564
827
-667
-33
196
237
287
568
-262
-777
416
-663
238
-194
-257
586
-828
-590
736
290
665
601
-782
481
394
275
-439
704
215
-643
-416
-613
-26
46
-585
-242
618
168
956
688
822
-442
-903
-893
163
-972
-963
-501
-836
112
380
900
-755
143
798
920
-828
924
-30
807
-862
-339
73
-229
-804
783
-560
-738
-519
53
-611
435
454
327
704
823
76
427
130
255
-330
-809
-893
959
594
995
201
-901
-69
283
629
-415
-893
104
-435
418
854
-969
382
727
-123
390
-798
310
-937
444
-80
-994
467
463
662
-877
-295
-885
-264
-713
401
-507
-719
409
67
-305
-989
13
-617
301
-955
-455
-371
-678
-460
156
278
510
404
930
640
195
-795
942
680
-499
-129
-668
838
-346
900
-368
472
149
301
699
749
-557
12
-683
-466
657
301
877
745
746
279
-776
-854
968
260
-282
313
-803
-174
-686
571
518
-180
-908
135
256
-861
-388
-205
76
-582
381
569
375
-129
923
-111
480
539
867
-102
-417
431
874
-667
333
520
565
-44
750
-524
886
383
-697
-352
-65
-1
410
-761
-581
843
844
536
293
-436
146
8
864
190
-805
-924
-664
313
762
-267
428
-940
-99
-708
114
577
-953
350
68
-47
699
990
-699
50
80
351
976
221
-427
-239
412
133
-416
-103
413
-842
-982
415
563
-23
638
-389
-79
-192
-199
-817
-590
789
-145
155
781
271
-645
-1000
-366
472
593
936
-982
-631
361
-160
-601
760
-927
257
884
-796
900
-759
-409
-879
-651
-983
-202
255
998
292
139
-234
724
364
986
499
730
-610
-761
269
552
540
-560
-441
220
22
-740
265
838
-259
752
562
56
-616
563
-536
-667
496
-566
-80
691
-681
709
413
17
551
590
-72
979
992
-927
-212
-703
-383
-649
846
-996
593
-482
937
-275
69
-571
240
-305
-177
-740
-960
821
581
-543
97
-956
-144
-373
-996
135
845
865
766
103
-871
-916
-892
541
828
709
770
-609
433
231
-236
-958
219
-682
-937
415
483
-587
-820
672
-829
443
635
-912
-623
109
836
-99
916
175
840
-210
451
724
-537
-681
110
806
724
-698
229
195
-951
-741
748
-795
334
386
-688
702
26
-25
160
-429
-828
713
967
-151
-605
820
-167
120
990
250
385
-789
166
-120
472
837
-989
831
-689
-569
-563
-80
554
568
223
-273
-542
535
434
347
-608
852
-930
979
974
743
-182
668
-731
-913
-451
222
47
587
-332
-669
-877
-185
508
-689
85
156
1
-804
-193
332
-564
873
-872
296
73
-567
-396
-818
696
-325
-381
-781
600
114
47
-966
141
-844
395
-319
128
-999
489
831
616
-842
-574
-309
-74
804
733
690
-857
66
747
280
-878
-521
478
-48
-602
257
988
177
372
-672
860
291
334
631
-500
691
-549
-702
-538
332
-865
632
-560
622
-460
88
-694
46
837
638
-320
149
649
-167
724
-273
-934
-563
-741
-742
-838
-925
-490
341
317
-450
-866
203
-131
817
-147
-701
-429
612
-244
-501
-699
-111
-586
-296
645
-649
336
833
-693
-867
683
159
-558
-439
-726
871
462
877
406
-131
-502
-261
538
432
252
385
393
969
-103
55
399
-176
-710
-725
533
917
228
-343
-215
167
800
-316
-774
65
960
-439
-623
-582
-155
-516
-273
923
-51
-835
-91
245
-917
781
842
194
-212
-69
59
361
419
-882
517
-142
547
-988
-811
-306
-260
-819
-252
965
-857
-912
-274
-131
-277
624
699
907
254
908
231
479
-319
-253
-837
-436
-525
574
-629
-450
31
-99
-975
881
555
846
876
-723
-920
692
259
-317
-418
-645
-299
896
563
-383
-882
8
63
-3
-358
-170
-840
-840
-984
-155
-447
84
109
532
184
478
-81
971
-264
651
-462
666
178
963
525
421
-433
-867
-552
-384
-843
694
387
993
-452
573
212
-404
893
-591
315
-188
-421
-842
-922
-89
777
-772
-215
130
-72
897
-394
32
-347
221
731
-49
818
648
685
-825
924
98
-126
475
-936
524
-124
-763
21
-814
-421
546
159
-607
809
676
470
-82
943
136
977
-886
677
869
200
-343
-543
98
-151
224
55
-384
-297
814
-286
-105
761
-255
866
461
379
-296
769
340
-282
939
574
-983
968
55
440
-295
-900
-422
202
555
-461
-900
306
181
-633
-999
753
-676
52
371
732
-518
-705
-843
-403
432
-273
419
-730
557
63
-176
-844
-139
17
526
-910
-336
694
-108
980
903
-512
-159
807
397
840
536
973
426
493
77
-423
942
-684
-955
-648
-658
-965
-783
-607
666
-769
306
208
-530
210
276
-47
-767
-502
-782
332
-205
452
489
787
681
-368
-677
-325
364
417
-667
-64
616
556
830
-462
626
-426
-221
-324
-296
449
-233
-319
-249
-898
516
314
251
666
-937
657
-181
171
-805
-101
-516
-763
264
-457
458
199
71
388
-940
859
-3
-306
978
678
436
125
-419
-166
-251
-490
-136
-494
-187
-925
-124
104
357
405
174
-821
354
-959
166
-782
-426
132
704
-734
247
-285
57
-631
-231
-377
993
899
-429
-255
-325
884
25
516
972
66
26
123
-336
-351
-631
-298
-602
-963
-176
926
-307
-749
134
-233
-251
-626
-740
411
851
-172
-946
-758
493
-767
-907
513
-817
-75
-222
-737
-265
136
-405
154
30
878
198
-163
55
158
-268
693
885
37
453
76
178
-668
-828
-468
-88
-880
-302
19
-569
348
-802
-226
138
-368
276
609
-728
115
329
-599
-131
956
-388
147
-258
-446
753
671
-126
788
953
650
-57
-968
-538
-831
79
785
-597
973
-46
93
-811
-750
-221
-816
210
-418
873
-179
-762
490
-416
472
-469
144
-839
-309
-230
-203
337
515
377
36
-424
691
-783
-231
380
558
-930
-109
900
475
-248
551
833
-7
30
-916
-693
569
-596
-592
209
-645
-879
-386
-624
-274
220
-551
-588
-599
-753
811
675
195
-390
422
-173
-252
356
853
-548
804
-816
-279
-458
-199
-399
124
980
-179
-224
-180
801
-681
-605
343
-628
615
775
-242
960
108
-438
-694
149
-495
325
969
217
-203
-366
867
-116
-691
-669
178
-839
990
-399
-904
842
179
199
-881
343
724
214
-177
-886
187
387
-594
-326
618
653
-796
-438
134
654
-988
390
-114
747
-365
776
185
-223
-916
902
-656
-922
-827
246
