93
-504
1124
1263
409
-721
394
-769
341
-848
-1189
-92
-1109
-1188
-1549
716
22
-810
508
51
-547
556
178
952
-1518
645
-657
1133
-142
-442
-39
-1758
320
266
108
377
-408
-1022
-161
-1013
-95
-400
-926
-810
-1188
-35
-815
579
-1144
-1559
170
79
-942
-138
825
151
-421
-1130
326
-122
1575
-1494
1455
859
-87
-1482
135
596
-84
-1725
884
423
-35
-817
67
-632
139
1070
34
72
773
-50
-253
153
-1682
-1642
1588
263
-82
964
-261
-1541
-418
140
-58
-1387
229
1625
600
-217
375
565
-101
817
-218
-211
-1270
-1720
-361
571
-830
-1515
-148
-576
431
-819
-748
1146
854
-363
377
-915
-334
-756
-194
-499
-396
371
450
-1039
-1374
-51
-1399
49
388
-1421
-508
-1065
-16
-848
987
-959
281
-571
-780
387
403
-1268
166
711
-1293
329
236
-872
-1349
-62
-217
300
-736
526
1233
-1019
485
-557
-327
1215
-1422
799
4
-729
-148
-1157
-37
14
504
-744
645
-207
1356
999
-663
749
-1007
265
734
-46
-843
-190
677
137
-556
39
600
-1364
353
-169
-142
1570
-549
-614
-70
-414
391
167
1641
-600
-993
300
-1270
-1315
538
926
879
-951
-1145
649
-1556
866
-1295
617
1439
-50
-1366
-99
610
-420
723
845
18
-1141
-990
270
101
-550
1544
-345
-421
-716
-214
-1004
283
-964
1130
181
1241
706
-596
-1258
901
783
-973
-334
-1260
243
-222
1461
827
673
-143
361
14
518
-1493
478
1128
-1959
-1332
-158
929
689
-155
-457
410
1167
237
1184
713
-870
1795
1089
45
-418
-508
81
901
-858
875
115
539
-1531
-504
134
1362
-334
-257
-456
234
-397
479
219
586
196
967
250
-1425
685
1030
1006
317
-1112
-215
-484
-862
-707
-471
298
957
-907
1872
638
607
-321
591
1075
670
-781
-75
242
576
437
1232
-180
1764
-379
622
-1194
1546
-782
-561
973
-240
1729
704
-1119
192
574
1382
-81
-209
156
-288
-241
1414
-294
153
-484
610
458
357
246
-1453
485
476
-121
1534
298
678
270
-1027
645
893
-637
-592
-171
650
265
-616
-308
780
1090
255
-310
-819
-1041
-581
1272
-777
445
1620
-435
-1030
833
660
-1143
77
-571
-252
-46
-962
-935
307
1482
-58
-666
293
976
189
-489
230
-1000
204
1144
920
-387
258
-84
1488
395
905
-989
1330
237
135
712
598
-98
191
33
-116
-854
-226
-20
-173
-249
-1736
62
597
-1593
61
1122
24
679
-7
630
215
-223
658
-1458
-1497
563
1126
527
603
483
326
1385
-519
1102
-538
206
-1536
-424
-85
-1493
-120
-291
-171
-185
-71
330
-738
289
571
1258
-357
2
317
644
-1432
-57
-318
652
-313
-901
1629
-790
563
-39
389
807
-235
-501
-1114
364
-376
1399
-781
569
-261
-814
197
-1298
216
1197
-512
-399
1030
228
-1616
-588
176
-1546
-471
551
-163
172
992
221
-542
-1354
-323
658
23
-1328
1214
419
-1756
127
639
-395
273
-1027
157
174
-591
-855
879
-35
691
-211
192
-1509
-465
-539
787
217
-500
847
-1558
-1250
778
78
584
-1476
-1815
-200
-198
-648
539
174
-1358
-1367
-1235
753
-36
-843
-1040
-463
702
-869
747
1099
661
-926
-1689
1277
-190
255
-181
123
-512
-605
-727
667
-645
-951
-582
-1893
-1260
810
-262
400
-1490
531
1500
102
-541
-461
3
-939
903
-32
13
765
972
1010
-203
-329
-297
987
-303
-993
-537
76
-123
-1614
-1309
1727
-418
394
20
-860
547
-369
265
-112
-369
-484
324
-20
-461
5
-916
680
249
1175
861
-1818
1526
-239
-1509
726
181
-424
833
-803
-380
526
509
-743
723
998
1228
1486
-168
-420
-526
-1679
239
410
-371
-258
-1318
-428
-497
10
-188
-1640
-367
1336
-969
-1367
724
-202
-744
-167
-579
-500
-590
-279
-8
-1317
-1059
-723
109
-28
64
69
369
-330
1184
159
215
-493
-1031
-124
-1036
-1338
408
230
187
1102
386
154
-1010
639
198
-641
-181
47
83
-622
-1750
-420
-938
-286
-401
671
923
-847
-698
-1168
-762
1479
262
-1145
62
-992
-279
484
-732
1093
365
-180
325
956
-190
-167
-1075
686
1710
-583
-949
185
-672
-700
-808
-474
-1641
248
-682
938
255
-142
1407
872
1855
858
-292
-77
-1054
-976
202
600
-1336
-1382
-5
299
968
711
1906
1060
-1776
-633
-134
-225
1270
1320
-1512
324
730
620
-959
-372
683
1493
-1085
1073
956
408
-127
1339
-1623
39
-1632
-746
-1731
987
-1953
772
-1615
388
-520
1034
-684
369
-1440
-391
1596
514
1247
68
856
-1285
-567
305
254
1014
1364
-737
-567
-610
1218
-198
811
-380
871
526
578
-165
137
-1294
-1115
90
-827
330
-637
-1008
527
1371
-778
-714
1741
1690
-460
474
-168
-1122
646
-598
-846
-1
-84
-1070
959
-393
-1335
-1526
164
800
-1631
-93
-1592
-225
205
-910
-294
135
-1393
155
-866
256
-891
533
-1202
68
329
-516
-229
1519
-14
-1171
-158
-688
356
-337
-514
502
-1043
-449
896
658
726
674
-1669
1333
760
214
424
263
522
-793
-1014
-1505
-201
-800
299
-1072
-134
417
949
1674
630
-1259
-723
-1767
-665
-1642
-1829
-1495
-1515
204
132
1604
30
663
789
1890
-598
101
228
541
130
-288
-262
-134
-1506
-37
-424
-639
-719
-39
-1473
204
-144
945
1033
712
-125
208
80
-36
126
-906
-1068
1061
1395
1020
1149
-1225
744
256
1435
-1144
-1797
-680
-1338
1258
1702
-1927
-154
534
-515
476
-1409
-95
-340
1309
-664
-246
1419
-170
105
-542
-375
-1251
-898
-73
-525
-205
-606
655
-586
-976
-1217
-776
-1585
3
-994
-883
390
-262
112
186
1249
297
-557
615
916
514
-33
39
1382
-1411
-754
-224
285
-1030
1280
-503
-255
-209
362
1301
830
157
-418
-1506
39
1404
973
1314
1491
976
110
-291
-1186
1541
320
230
736
-1502
-1083
-341
786
156
579
-1802
861
-712
-574
-287
381
598
-120
507
1243
-519
861
646
38
1461
869
345
-385
352
535
1244
-484
-570
1009
209
-188
92
297
1581
145
-232
-107
-234
-673
8
-1368
-494
1305
449
-172
-444
82
874
-495
1480
-762
-1051
-1108
-392
-257
1084
-999
1255
-493
-72
-85
571
225
-478
1106
-807
-13
289
799
-125
93
73
-46
805
-124
-631
470
1033
652
-825
-783
797
-119
-1237
1404
415
377
1120
-145
-599
-730
435
-633
-1183
1677
543
-794
908
131
205
-1518
197
-502
11
147
-1472
-985
377
-1010
-1076
147
-334
1209
931
-1579
1714
-78
-236
-871
-755
-628
-1088
891
1472
-65
528
-468
-88
-250
71
930
1722
-389
-1081
909
-17
-422
-447
-865
-720
-410
-152
1160
1169
322
113
1091
-39
-704
67
57
209
278
-1489
380
1136
-284
962
-53
-151
104
1339
694
93
971
-541
134
-473
-162
-454
1591
-1138
569
-108
1728
717
248
-465
-674
-69
672
-497
-478
1113
1385
281
-458
-368
-929
73
-839
-346
747
97
-204
-207
-1052
-1131
-683
1235
1616
620
5
-82
1409
560
-1042
-735
1064
-72
-87
-560
-284
-440
-1560
145
-1091
463
-22
-141
-340
-562
1309
-572
1543
578
56
-784
974
1674
-1336
-195
447
1111
236
-916
306
420
-1471
-859
582
-1160
632
-76
-452
-111
777
-314
324
-312
-243
1402
193
-259
-1260
1156
-544
-129
1425
336
-242
-526
-586
-936
274
-59
-1102
510
-1152
-1178
-1049
548
863
460
791
-428
-119
731
-245
762
-88
1056
-1364
582
645
-80
676
400
-1587
-527
-934
-49
957
-406
574
-718
-1454
-241
486
-1251
584
115
989
8
308
624
-421
657
-750
-8
-496
-205
-220
-84
1060
105
-228
-462
-5
-648
696
-1100
78
-1660
-276
-753
643
-853
-33
-77
1303
-1276
345
274
772
1143
983
1627
-1381
891
563
167
-1212
-582
1311
604
204
1047
779
1006
1117
181
1446
-137
1332
1219
327
-206
-1039
-879
365
407
-1282
773
58
419
-1179
602
-486
497
1367
-139
-919
-751
583
-761
-135
557
-1775
-1354
-45
-324
-389
-1274
-314
-284
189
-800
-312
979
581
1787
-926
-1393
-956
1441
-165
470
-113
-870
-194
-872
-146
-63
-18
407
-1124
-879
81
667
352
-1305
-566
1765
842
1567
491
-478
194
75
810
181
-441
-42
616
1416
382
988
391
452
-1062
-1570
-50
514
358
-225
-229
270
-194
-1092
-766
976
273
311
-553
123
-1104
70
-34
415
-933
-1489
-1007
75
-1186
1051
1744
200
-515
-1015
974
410
139
-1500
834
-722
1138
-1078
-169
-1018
318
176
108
1391
-1524
-129
613
-921
-284
-15
1191
254
159
1776
-578
513
287
-754
-354
38
-1090
-398
-838
-805
568
-766
-1916
1725
820
293
1085
-1154
3
1041
110
-629
339
63
-88
308
906
266
-1755
462
-149
796
325
450
-386
-1835
-1263
453
-798
1083
772
133
631
731
346
177
461
-235
-332
44
-475
1078
-172
32
-269
-1349
-1087
-1242
-451
934
-121
733
454
-410
-70
-614
-8
-91
386
-823
-135
-643
-1490
-542
815
-417
714
688
-211
1699
270
-415
-176
-26
1202
805
-180
1096
-168
-1368
1179
519
-988
-421
-763
846
-1005
-56
629
-472
-649
-240
-147
51
1626
1118
-149
-609
194
-701
1793
-769
1020
1370
193
-796
-1003
635
-1089
-420
10
-1053
-1030
1524
325
816
1387
-345
1373
1419
-394
-291
1123
-3
387
53
-328
-1073
967
425
876
89
-723
-20
438
1398
-897
-406
-1
-77
-775
-1442
671
-195
735
1154
1068
-1184
-1703
-1081
118
-85
-880
160
-537
99
842
199
-364
-221
-254
-78
-785
-1080
163
-167
929
1543
47
6
1193
378
886
129
208
961
846
1016
-94
9
-325
-92
-1589
-1043
-61
-120
209
10
-1561
813
728
-1014
982
657
721
-1177
-1022
-744
764
-172
638
-246
-77
-66
281
-225
-380
77
-244
231
291
-379
886
802
-798
1403
-1310
-387
-82
98
1403
159
-1113
-444
-1584
422
-171
230
-73
-1515
345
-840
1083
-858
-857
-30
-769
372
493
-501
1132
85
1195
-1391
310
598
-632
903
805
-202
524
-824
-29
-1012
112
-263
-849
152
-522
572
231
1351
1226
-15
-599
-499
-1886
-518
-210
-561
709
120
-1699
1218
-486
-497
-1405
346
-625
31
1861
551
633
-1313
1270
-781
-218
1223
475
-88
-860
-1044
-1194
-401
-700
-1199
-297
-632
1751
-695
98
-284
-1112
-1087
-697
-1075
699
-128
-539
-1711
100
-262
-1169
-306
663
-1127
-1059
-520
-1689
-39
-261
-765
516
-790
1834
-337
-1130
942
186
-285
707
1287
807
776
56
376
-765
-731
-1234
88
-1416
532
-243
-1504
-544
-268
469
-595
-1299
-429
838
-1091
682
1250
142
-268
646
-576
-228
623
-553
-199
368
334
1364
1504
1457
-629
-132
-260
-1038
-392
1721
-1264
929
28
1017
-294
-624
-235
-434
-402
-147
1825
-1054
-15
647
-823
1134
279
-261
-1831
-838
67
531
-298
1054
331
508
177
884
192
-245
496
149
-657
-218
364
179
175
612
631
-617
771
-816
-405
957
-702
-1496
-346
-265
-1418
14
-394
391
-681
-323
-1522
-1049
-1005
1385
66
-307
-218
823
-181
111
-76
1417
187
248
-1700
307
-807
739
-714
-629
872
-336
-410
185
1256
-580
-1111
329
73
1079
157
-392
955
133
-1010
302
-310
-47
-577
1552
-314
-96
-749
767
-438
-905
-557
1063
-193
924
-1274
-691
756
303
-29
-1745
-209
834
-11
-287
-280
-469
134
-695
-1160
1477
-284
-999
-1273
-610
913
-751
-347
582
257
70
738
-595
-287
-1122
1285
-838
-1237
-1777
398
